[MACHINE_INFO]
SerialNumber,SoftwareVersion,UserID,LineNo,LotNo
A8HXL21-011,4.0.11001.27006,administrator,5,1
[Board_INFO]
Barcode,GroupName,ProgramName,Side,Lane,Length,Width,Conveyor,Fidu,Module,Part,FOV,StartInspTime,EndInspTime,Inspection time,Result
4219992562510567070043,GDW-LC,290-10567-07-B,NONE,Front,376,442,346.50,2,1,307,26,20250625231903,20250625231918,15.147,GOOD
[PANEL_INFO]
ModuleID,Result,InspTime,ModuleBarcode,RepairTime,Part_Total,Part_Good,Part_NG,Part_UserOK,Part_Skip
1,GOOD,20250625231903,4219992562510567070043,,306,306,0,0,0
[Part_INFO]
ModuleID,PartNo,Packaged,PartName,RefID,PosX,PosY,Part_Angle,CAD_X,CAD_Y,CAD_Angle,AlgorismKind,InspUserID,InspResult,RepairUserID,RepairResult,RepairTime,DefectNumber,Image_Path 
1,3,Default,125-00013-00,C128,246.697,215.722,,246.7275,216.9635,90,,administrator,OK,,OK,,OK,D:\Eagle3D_data\InspectResult\Image\GDW-LC\290-10567-07-B\20250625231903\1@3.jpg
1,28,Default,125-00013-00,C93,275.802,215.852,,275.7939,217.0395,90,,administrator,OK,,OK,,OK,D:\Eagle3D_data\InspectResult\Image\GDW-LC\290-10567-07-B\20250625231903\1@28.jpg
1,62,Default,368-00008-00,MH7,257.317,200.987,,257.3053,202.2292,0,,administrator,OK,,OK,,OK,D:\Eagle3D_data\InspectResult\Image\GDW-LC\290-10567-07-B\20250625231903\1@62.jpg
1,63,Default,368-00008-00,MH8,246.047,201.010,,246.0508,202.2729,0,,administrator,OK,,OK,,OK,D:\Eagle3D_data\InspectResult\Image\GDW-LC\290-10567-07-B\20250625231903\1@63.jpg
1,27,Default,125-00013-00,C92,307.061,215.662,,307.0105,216.7912,90,,administrator,OK,,OK,,OK,D:\Eagle3D_data\InspectResult\Image\GDW-LC\290-10567-07-B\20250625231903\1@27.jpg
1,74,Default,170-10004-00,Q47,427.693,246.237,,427.6213,247.1572,90,,administrator,OK,,OK,,OK,D:\Eagle3D_data\InspectResult\Image\GDW-LC\290-10567-07-B\20250625231903\1@74.jpg
1,133,Default,100-13120-00,R231,425.615,256.781,,425.4833,257.6333,270,,administrator,OK,,OK,,OK,D:\Eagle3D_data\InspectResult\Image\GDW-LC\290-10567-07-B\20250625231903\1@133.jpg
1,134,Default,100-13120-00,R242,425.625,261.886,,425.5031,262.7312,270,,administrator,OK,,OK,,OK,D:\Eagle3D_data\InspectResult\Image\GDW-LC\290-10567-07-B\20250625231903\1@134.jpg
1,135,Default,100-13120-00,R247,425.635,266.949,,425.5227,267.7871,270,,administrator,OK,,OK,,OK,D:\Eagle3D_data\InspectResult\Image\GDW-LC\290-10567-07-B\20250625231903\1@135.jpg
1,136,Default,100-13120-00,R252,425.646,272.032,,425.5424,272.864,270,,administrator,OK,,OK,,OK,D:\Eagle3D_data\InspectResult\Image\GDW-LC\290-10567-07-B\20250625231903\1@136.jpg
1,153,Default,100-12750-00,R241,430.191,256.846,,430.0528,257.6895,270,,administrator,OK,,OK,,OK,D:\Eagle3D_data\InspectResult\Image\GDW-LC\290-10567-07-B\20250625231903\1@153.jpg
1,154,Default,100-12750-00,R246,430.201,261.877,,430.0723,262.7134,270,,administrator,OK,,OK,,OK,D:\Eagle3D_data\InspectResult\Image\GDW-LC\290-10567-07-B\20250625231903\1@154.jpg
1,155,Default,100-12750-00,R248,430.211,266.939,,430.0919,267.7693,270,,administrator,OK,,OK,,OK,D:\Eagle3D_data\InspectResult\Image\GDW-LC\290-10567-07-B\20250625231903\1@155.jpg
1,156,Default,100-12750-00,R253,430.221,272.023,,430.1117,272.8463,270,,administrator,OK,,OK,,OK,D:\Eagle3D_data\InspectResult\Image\GDW-LC\290-10567-07-B\20250625231903\1@156.jpg
1,73,Default,170-10005-00,Q40,427.686,231.234,,427.5624,232.0035,90,,administrator,OK,,OK,,OK,D:\Eagle3D_data\InspectResult\Image\GDW-LC\290-10567-07-B\20250625231903\1@73.jpg
1,129,Default,100-13120-00,R192,425.514,206.526,,425.2883,207.4459,270,,administrator,OK,,OK,,OK,D:\Eagle3D_data\InspectResult\Image\GDW-LC\290-10567-07-B\20250625231903\1@129.jpg
1,130,Default,100-13120-00,R196,425.524,211.610,,425.308,212.5228,270,,administrator,OK,,OK,,OK,D:\Eagle3D_data\InspectResult\Image\GDW-LC\290-10567-07-B\20250625231903\1@130.jpg
1,131,Default,100-13120-00,R201,425.534,216.567,,425.3272,217.4728,270,,administrator,OK,,OK,,OK,D:\Eagle3D_data\InspectResult\Image\GDW-LC\290-10567-07-B\20250625231903\1@131.jpg
1,132,Default,100-13120-00,R214,425.544,221.650,,425.347,222.5497,270,,administrator,OK,,OK,,OK,D:\Eagle3D_data\InspectResult\Image\GDW-LC\290-10567-07-B\20250625231903\1@132.jpg
1,149,Default,100-12750-00,R193,430.089,206.517,,429.8575,207.4282,270,,administrator,OK,,OK,,OK,D:\Eagle3D_data\InspectResult\Image\GDW-LC\290-10567-07-B\20250625231903\1@149.jpg
1,150,Default,100-12750-00,R195,430.099,211.601,,429.8772,212.5051,270,,administrator,OK,,OK,,OK,D:\Eagle3D_data\InspectResult\Image\GDW-LC\290-10567-07-B\20250625231903\1@150.jpg
1,151,Default,100-12750-00,R197,430.110,216.558,,429.8965,217.4551,270,,administrator,OK,,OK,,OK,D:\Eagle3D_data\InspectResult\Image\GDW-LC\290-10567-07-B\20250625231903\1@151.jpg
1,152,Default,100-12750-00,R210,430.120,221.641,,429.9162,222.532,270,,administrator,OK,,OK,,OK,D:\Eagle3D_data\InspectResult\Image\GDW-LC\290-10567-07-B\20250625231903\1@152.jpg
1,26,Default,125-00013-00,C436,430.257,118.179,,429.8595,119.2077,270,,administrator,OK,,OK,,OK,D:\Eagle3D_data\InspectResult\Image\GDW-LC\290-10567-07-B\20250625231903\1@26.jpg
1,94,Default,100-14100-00,R266,399.167,113.040,,398.8011,114.1334,270,,administrator,OK,,OK,,OK,D:\Eagle3D_data\InspectResult\Image\GDW-LC\290-10567-07-B\20250625231903\1@94.jpg
1,95,Default,100-14100-00,R267,401.576,110.140,,401.2014,111.2328,270,,administrator,OK,,OK,,OK,D:\Eagle3D_data\InspectResult\Image\GDW-LC\290-10567-07-B\20250625231903\1@95.jpg
1,96,Default,100-14100-00,R268,399.155,107.095,,398.778,108.196,270,,administrator,OK,,OK,,OK,D:\Eagle3D_data\InspectResult\Image\GDW-LC\290-10567-07-B\20250625231903\1@96.jpg
1,97,Default,100-14100-00,R269,401.564,104.220,,401.1784,105.3204,270,,administrator,OK,,OK,,OK,D:\Eagle3D_data\InspectResult\Image\GDW-LC\290-10567-07-B\20250625231903\1@97.jpg
1,98,Default,100-14100-00,R270,399.143,101.375,,398.7559,102.4845,270,,administrator,OK,,OK,,OK,D:\Eagle3D_data\InspectResult\Image\GDW-LC\290-10567-07-B\20250625231903\1@98.jpg
1,99,Default,100-14100-00,R271,392.606,113.053,,392.2491,114.1589,270,,administrator,OK,,OK,,OK,D:\Eagle3D_data\InspectResult\Image\GDW-LC\290-10567-07-B\20250625231903\1@99.jpg
1,100,Default,100-14100-00,R272,390.185,110.163,,389.8263,111.277,270,,administrator,OK,,OK,,OK,D:\Eagle3D_data\InspectResult\Image\GDW-LC\290-10567-07-B\20250625231903\1@100.jpg
1,101,Default,100-14100-00,R273,392.467,107.108,,392.0991,108.222,270,,administrator,OK,,OK,,OK,D:\Eagle3D_data\InspectResult\Image\GDW-LC\290-10567-07-B\20250625231903\1@101.jpg
1,102,Default,100-14100-00,R274,390.046,104.243,,389.6764,105.3651,270,,administrator,OK,,OK,,OK,D:\Eagle3D_data\InspectResult\Image\GDW-LC\290-10567-07-B\20250625231903\1@102.jpg
1,103,Default,100-14100-00,R275,392.455,101.389,,392.0769,102.5105,270,,administrator,OK,,OK,,OK,D:\Eagle3D_data\InspectResult\Image\GDW-LC\290-10567-07-B\20250625231903\1@103.jpg
1,158,Default,100-13499-00,R276,417.686,113.003,,417.2959,114.0615,270,,administrator,OK,,OK,,OK,D:\Eagle3D_data\InspectResult\Image\GDW-LC\290-10567-07-B\20250625231903\1@158.jpg
1,159,Default,100-13499-00,R277,415.271,110.112,,414.8781,111.1796,270,,administrator,OK,,OK,,OK,D:\Eagle3D_data\InspectResult\Image\GDW-LC\290-10567-07-B\20250625231903\1@159.jpg
1,160,Default,100-13499-00,R278,417.674,107.156,,417.2732,108.2231,270,,administrator,OK,,OK,,OK,D:\Eagle3D_data\InspectResult\Image\GDW-LC\290-10567-07-B\20250625231903\1@160.jpg
1,161,Default,100-13499-00,R279,415.259,104.238,,414.8553,105.3132,270,,administrator,OK,,OK,,OK,D:\Eagle3D_data\InspectResult\Image\GDW-LC\290-10567-07-B\20250625231903\1@161.jpg
1,162,Default,100-13499-00,R280,408.286,113.022,,407.9086,114.098,270,,administrator,OK,,OK,,OK,D:\Eagle3D_data\InspectResult\Image\GDW-LC\290-10567-07-B\20250625231903\1@162.jpg
1,163,Default,100-13499-00,R281,410.822,110.121,,410.4358,111.1969,270,,administrator,OK,,OK,,OK,D:\Eagle3D_data\InspectResult\Image\GDW-LC\290-10567-07-B\20250625231903\1@163.jpg
1,164,Default,100-13499-00,R282,408.148,107.176,,407.759,108.2601,270,,administrator,OK,,OK,,OK,D:\Eagle3D_data\InspectResult\Image\GDW-LC\290-10567-07-B\20250625231903\1@164.jpg
1,165,Default,100-13499-00,R283,410.683,104.247,,410.2861,105.331,270,,administrator,OK,,OK,,OK,D:\Eagle3D_data\InspectResult\Image\GDW-LC\290-10567-07-B\20250625231903\1@165.jpg
1,166,Default,100-13499-00,R475,415.244,99.154,,414.8306,100.2364,270,,administrator,OK,,OK,,OK,D:\Eagle3D_data\InspectResult\Image\GDW-LC\290-10567-07-B\20250625231903\1@166.jpg
1,167,Default,100-13499-00,R476,410.668,99.164,,410.2614,100.2541,270,,administrator,OK,,OK,,OK,D:\Eagle3D_data\InspectResult\Image\GDW-LC\290-10567-07-B\20250625231903\1@167.jpg
1,168,Default,100-51100-00,R295,438.178,127.577,,437.7872,128.5783,0,,administrator,OK,,OK,,OK,D:\Eagle3D_data\InspectResult\Image\GDW-LC\290-10567-07-B\20250625231903\1@168.jpg
1,171,Default,100-52100-00,R297,435.062,127.583,,434.6761,128.5904,180,,administrator,OK,,OK,,OK,D:\Eagle3D_data\InspectResult\Image\GDW-LC\290-10567-07-B\20250625231903\1@171.jpg
1,104,Default,100-14100-00,R298,328.651,81.018,,328.3199,82.2864,270,,administrator,OK,,OK,,OK,D:\Eagle3D_data\InspectResult\Image\GDW-LC\290-10567-07-B\20250625231903\1@104.jpg
1,105,Default,100-14100-00,R299,326.109,78.141,,325.7753,79.418,270,,administrator,OK,,OK,,OK,D:\Eagle3D_data\InspectResult\Image\GDW-LC\290-10567-07-B\20250625231903\1@105.jpg
1,106,Default,100-14100-00,R300,328.523,75.205,,328.1805,76.4814,270,,administrator,OK,,OK,,OK,D:\Eagle3D_data\InspectResult\Image\GDW-LC\290-10567-07-B\20250625231903\1@106.jpg
1,107,Default,100-14100-00,R301,326.102,72.287,,325.7576,73.5715,270,,administrator,OK,,OK,,OK,D:\Eagle3D_data\InspectResult\Image\GDW-LC\290-10567-07-B\20250625231903\1@107.jpg
1,108,Default,100-14100-00,R302,328.384,69.359,,328.0308,70.6434,270,,administrator,OK,,OK,,OK,D:\Eagle3D_data\InspectResult\Image\GDW-LC\290-10567-07-B\20250625231903\1@108.jpg
1,109,Default,100-14100-00,R303,335.920,81.004,,335.5786,82.2582,270,,administrator,OK,,OK,,OK,D:\Eagle3D_data\InspectResult\Image\GDW-LC\290-10567-07-B\20250625231903\1@109.jpg
1,110,Default,100-14100-00,R304,338.374,78.108,,338.0238,79.3624,270,,administrator,OK,,OK,,OK,D:\Eagle3D_data\InspectResult\Image\GDW-LC\290-10567-07-B\20250625231903\1@110.jpg
1,111,Default,100-14100-00,R305,335.908,75.190,,335.556,76.4527,270,,administrator,OK,,OK,,OK,D:\Eagle3D_data\InspectResult\Image\GDW-LC\290-10567-07-B\20250625231903\1@111.jpg
1,112,Default,100-14100-00,R306,338.362,72.262,,338.0012,73.524,270,,administrator,OK,,OK,,OK,D:\Eagle3D_data\InspectResult\Image\GDW-LC\290-10567-07-B\20250625231903\1@112.jpg
1,113,Default,100-14100-00,R307,335.896,69.344,,335.5333,70.6143,270,,administrator,OK,,OK,,OK,D:\Eagle3D_data\InspectResult\Image\GDW-LC\290-10567-07-B\20250625231903\1@113.jpg
1,293,Default,125-00005-00,C380,284.603,57.944,,284.2867,59.3253,180,,administrator,OK,,OK,,OK,D:\Eagle3D_data\InspectResult\Image\GDW-LC\290-10567-07-B\20250625231903\1@293.jpg
1,56,Default,141-51000-00,L6,325.105,25.187,,324.6733,26.5368,90,,administrator,OK,,OK,,OK,D:\Eagle3D_data\InspectResult\Image\GDW-LC\290-10567-07-B\20250625231903\1@56.jpg
1,25,Default,125-00013-00,C415,268.759,29.239,,268.4107,30.6881,180,,administrator,OK,,OK,,OK,D:\Eagle3D_data\InspectResult\Image\GDW-LC\290-10567-07-B\20250625231903\1@25.jpg
1,32,Default,161-40000-00,D73,304.285,33.243,,303.897,34.6208,90,,administrator,OK,,OK,,OK,D:\Eagle3D_data\InspectResult\Image\GDW-LC\290-10567-07-B\20250625231903\1@32.jpg
1,33,Default,161-40000-00,D77,312.546,33.227,,312.147,34.5887,90,,administrator,OK,,OK,,OK,D:\Eagle3D_data\InspectResult\Image\GDW-LC\290-10567-07-B\20250625231903\1@33.jpg
1,43,Default,161-20009-00,D81,317.631,33.771,,317.2261,35.1226,270,,administrator,OK,,OK,,OK,D:\Eagle3D_data\InspectResult\Image\GDW-LC\290-10567-07-B\20250625231903\1@43.jpg
1,173,Default,100-52100-00,R469,273.024,34.877,,272.6801,36.3111,270,,administrator,OK,,OK,,OK,D:\Eagle3D_data\InspectResult\Image\GDW-LC\290-10567-07-B\20250625231903\1@173.jpg
1,223,Default,125-00016-00,C364,274.755,19.082,,274.3797,20.5339,180,,administrator,OK,,OK,,OK,D:\Eagle3D_data\InspectResult\Image\GDW-LC\290-10567-07-B\20250625231903\1@223.jpg
1,224,Default,125-00016-00,C366,269.636,19.092,,269.2678,20.5537,180,,administrator,OK,,OK,,OK,D:\Eagle3D_data\InspectResult\Image\GDW-LC\290-10567-07-B\20250625231903\1@224.jpg
1,225,Default,125-00016-00,C368,269.641,21.380,,269.2767,22.8384,0,,administrator,OK,,OK,,OK,D:\Eagle3D_data\InspectResult\Image\GDW-LC\290-10567-07-B\20250625231903\1@225.jpg
1,226,Default,125-00016-00,C371,274.760,21.370,,274.3886,22.8185,180,,administrator,OK,,OK,,OK,D:\Eagle3D_data\InspectResult\Image\GDW-LC\290-10567-07-B\20250625231903\1@226.jpg
1,227,Default,125-00016-00,C376,274.746,14.507,,274.362,15.9647,180,,administrator,OK,,OK,,OK,D:\Eagle3D_data\InspectResult\Image\GDW-LC\290-10567-07-B\20250625231903\1@227.jpg
1,228,Default,125-00016-00,C378,269.627,14.517,,269.2501,15.9845,180,,administrator,OK,,OK,,OK,D:\Eagle3D_data\InspectResult\Image\GDW-LC\290-10567-07-B\20250625231903\1@228.jpg
1,229,Default,125-00016-00,C381,269.632,16.805,,269.2589,18.2691,0,,administrator,OK,,OK,,OK,D:\Eagle3D_data\InspectResult\Image\GDW-LC\290-10567-07-B\20250625231903\1@229.jpg
1,230,Default,125-00016-00,C385,274.751,16.794,,274.3708,18.2493,180,,administrator,OK,,OK,,OK,D:\Eagle3D_data\InspectResult\Image\GDW-LC\290-10567-07-B\20250625231903\1@230.jpg
1,231,Default,125-00016-00,C404,274.769,25.945,,274.4064,27.3877,180,,administrator,OK,,OK,,OK,D:\Eagle3D_data\InspectResult\Image\GDW-LC\290-10567-07-B\20250625231903\1@231.jpg
1,232,Default,125-00016-00,C406,269.650,25.955,,269.2944,27.4076,180,,administrator,OK,,OK,,OK,D:\Eagle3D_data\InspectResult\Image\GDW-LC\290-10567-07-B\20250625231903\1@232.jpg
1,233,Default,125-00016-00,C409,269.646,23.668,,269.2856,25.123,0,,administrator,OK,,OK,,OK,D:\Eagle3D_data\InspectResult\Image\GDW-LC\290-10567-07-B\20250625231903\1@233.jpg
1,234,Default,125-00016-00,C413,274.764,23.657,,274.3975,25.1031,180,,administrator,OK,,OK,,OK,D:\Eagle3D_data\InspectResult\Image\GDW-LC\290-10567-07-B\20250625231903\1@234.jpg
1,235,Default,100-51499-00,R446,301.613,31.342,,301.2243,32.7273,0,,administrator,OK,,OK,,OK,D:\Eagle3D_data\InspectResult\Image\GDW-LC\290-10567-07-B\20250625231903\1@235.jpg
1,236,Default,100-51499-00,R461,309.812,31.326,,309.4123,32.6955,0,,administrator,OK,,OK,,OK,D:\Eagle3D_data\InspectResult\Image\GDW-LC\290-10567-07-B\20250625231903\1@236.jpg
1,239,Default,100-50510-00,R448,301.554,33.122,,301.1692,34.5044,180,,administrator,OK,,OK,,OK,D:\Eagle3D_data\InspectResult\Image\GDW-LC\290-10567-07-B\20250625231903\1@239.jpg
1,240,Default,100-50510-00,R464,309.815,33.105,,309.4192,34.4724,180,,administrator,OK,,OK,,OK,D:\Eagle3D_data\InspectResult\Image\GDW-LC\290-10567-07-B\20250625231903\1@240.jpg
1,243,Default,100-50100-00,R468,271.244,34.881,,270.9031,36.318,90,,administrator,OK,,OK,,OK,D:\Eagle3D_data\InspectResult\Image\GDW-LC\290-10567-07-B\20250625231903\1@243.jpg
1,269,Default,100-50000-00,R514,264.453,27.746,,264.1075,29.2057,180,,administrator,OK,,OK,,OK,D:\Eagle3D_data\InspectResult\Image\GDW-LC\290-10567-07-B\20250625231903\1@269.jpg
1,270,Default,100-50000-00,R515,265.358,30.146,,265.0163,31.6007,270,,administrator,OK,,OK,,OK,D:\Eagle3D_data\InspectResult\Image\GDW-LC\290-10567-07-B\20250625231903\1@270.jpg
1,291,Default,125-00005-00,C374,277.709,56.051,,277.3984,57.4482,0,,administrator,OK,,OK,,OK,D:\Eagle3D_data\InspectResult\Image\GDW-LC\290-10567-07-B\20250625231903\1@291.jpg
1,292,Default,125-00005-00,C375,281.322,55.999,,281.0071,57.3892,0,,administrator,OK,,OK,,OK,D:\Eagle3D_data\InspectResult\Image\GDW-LC\290-10567-07-B\20250625231903\1@292.jpg
1,294,Default,125-00005-00,C386,281.459,37.910,,281.1098,39.3246,270,,administrator,OK,,OK,,OK,D:\Eagle3D_data\InspectResult\Image\GDW-LC\290-10567-07-B\20250625231903\1@294.jpg
1,295,Default,125-00005-00,C395,301.620,35.028,,301.2386,36.408,180,,administrator,OK,,OK,,OK,D:\Eagle3D_data\InspectResult\Image\GDW-LC\290-10567-07-B\20250625231903\1@295.jpg
1,296,Default,125-00005-00,C408,309.819,35.011,,309.4266,36.3762,180,,administrator,OK,,OK,,OK,D:\Eagle3D_data\InspectResult\Image\GDW-LC\290-10567-07-B\20250625231903\1@296.jpg
1,297,Default,125-00005-00,C410,314.578,32.060,,314.1733,33.4195,90,,administrator,OK,,OK,,OK,D:\Eagle3D_data\InspectResult\Image\GDW-LC\290-10567-07-B\20250625231903\1@297.jpg
1,298,Default,125-00005-00,C414,269.465,34.884,,269.1262,36.3249,270,,administrator,OK,,OK,,OK,D:\Eagle3D_data\InspectResult\Image\GDW-LC\290-10567-07-B\20250625231903\1@298.jpg
1,44,Default,161-20009-00,D61,222.171,20.157,,221.8681,21.7063,0,,administrator,OK,,OK,,OK,D:\Eagle3D_data\InspectResult\Image\GDW-LC\290-10567-07-B\20250625231903\1@44.jpg
1,45,Default,161-20009-00,D62,229.612,20.143,,229.2986,21.6775,180,,administrator,OK,,OK,,OK,D:\Eagle3D_data\InspectResult\Image\GDW-LC\290-10567-07-B\20250625231903\1@45.jpg
1,46,Default,161-20009-00,D63,215.705,21.840,,215.4135,23.3984,270,,administrator,OK,,OK,,OK,D:\Eagle3D_data\InspectResult\Image\GDW-LC\290-10567-07-B\20250625231903\1@46.jpg
1,214,Default,100-18220-00,R406,229.068,23.314,,228.7612,24.8457,180,,administrator,OK,,OK,,OK,D:\Eagle3D_data\InspectResult\Image\GDW-LC\290-10567-07-B\20250625231903\1@214.jpg
1,215,Default,100-18220-00,R411,223.622,23.325,,223.3225,24.8668,0,,administrator,OK,,OK,,OK,D:\Eagle3D_data\InspectResult\Image\GDW-LC\290-10567-07-B\20250625231903\1@215.jpg
1,219,Default,125-00016-00,C351,199.187,19.171,,198.913,20.7642,0,,administrator,OK,,OK,,OK,D:\Eagle3D_data\InspectResult\Image\GDW-LC\290-10567-07-B\20250625231903\1@219.jpg
1,220,Default,125-00016-00,C354,204.191,19.161,,203.9099,20.7447,0,,administrator,OK,,OK,,OK,D:\Eagle3D_data\InspectResult\Image\GDW-LC\290-10567-07-B\20250625231903\1@220.jpg
1,221,Default,125-00016-00,C356,204.196,21.638,,203.9193,23.1433,180,,administrator,OK,,OK,,OK,D:\Eagle3D_data\InspectResult\Image\GDW-LC\290-10567-07-B\20250625231903\1@221.jpg
1,222,Default,125-00016-00,C359,199.192,21.573,,198.9223,23.1627,0,,administrator,OK,,OK,,OK,D:\Eagle3D_data\InspectResult\Image\GDW-LC\290-10567-07-B\20250625231903\1@222.jpg
1,241,Default,100-50510-00,R503,204.584,65.394,,204.3892,66.9154,270,,administrator,OK,,OK,,OK,D:\Eagle3D_data\InspectResult\Image\GDW-LC\290-10567-07-B\20250625231903\1@241.jpg
1,242,Default,100-50510-00,R504,202.802,65.398,,202.6092,66.9223,90,,administrator,OK,,OK,,OK,D:\Eagle3D_data\InspectResult\Image\GDW-LC\290-10567-07-B\20250625231903\1@242.jpg
1,89,Default,100-14100-00,R115,115.399,55.566,,115.3043,57.2675,90,,administrator,OK,,OK,,OK,D:\Eagle3D_data\InspectResult\Image\GDW-LC\290-10567-07-B\20250625231903\1@89.jpg
1,90,Default,100-14100-00,R116,115.379,50.672,,115.2753,52.3805,90,,administrator,OK,,OK,,OK,D:\Eagle3D_data\InspectResult\Image\GDW-LC\290-10567-07-B\20250625231903\1@90.jpg
1,91,Default,100-14100-00,R117,115.369,45.689,,115.256,47.4036,90,,administrator,OK,,OK,,OK,D:\Eagle3D_data\InspectResult\Image\GDW-LC\290-10567-07-B\20250625231903\1@91.jpg
1,92,Default,100-14100-00,R118,115.359,40.726,,115.2367,42.4476,90,,administrator,OK,,OK,,OK,D:\Eagle3D_data\InspectResult\Image\GDW-LC\290-10567-07-B\20250625231903\1@92.jpg
1,93,Default,100-14100-00,R119,112.938,37.808,,112.8138,39.5377,90,,administrator,OK,,OK,,OK,D:\Eagle3D_data\InspectResult\Image\GDW-LC\290-10567-07-B\20250625231903\1@93.jpg
1,124,Default,100-14100-00,R85,108.264,55.580,,108.1786,57.2952,90,,administrator,OK,,OK,,OK,D:\Eagle3D_data\InspectResult\Image\GDW-LC\290-10567-07-B\20250625231903\1@124.jpg
1,125,Default,100-14100-00,R86,108.254,50.687,,108.1596,52.4082,90,,administrator,OK,,OK,,OK,D:\Eagle3D_data\InspectResult\Image\GDW-LC\290-10567-07-B\20250625231903\1@125.jpg
1,126,Default,100-14100-00,R87,108.244,45.703,,108.1403,47.4312,90,,administrator,OK,,OK,,OK,D:\Eagle3D_data\InspectResult\Image\GDW-LC\290-10567-07-B\20250625231903\1@126.jpg
1,127,Default,100-14100-00,R88,108.242,40.741,,108.129,42.4752,90,,administrator,OK,,OK,,OK,D:\Eagle3D_data\InspectResult\Image\GDW-LC\290-10567-07-B\20250625231903\1@127.jpg
1,128,Default,100-14100-00,R89,110.524,37.813,,110.4023,39.5471,90,,administrator,OK,,OK,,OK,D:\Eagle3D_data\InspectResult\Image\GDW-LC\290-10567-07-B\20250625231903\1@128.jpg
1,288,Default,125-00019-00,C370,121.095,51.603,,120.9849,53.1479,0,,administrator,OK,,OK,,OK,D:\Eagle3D_data\InspectResult\Image\GDW-LC\290-10567-07-B\20250625231903\1@288.jpg
1,79,Default,100-14100-00,R105,90.333,81.685,,90.3207,83.399,270,,administrator,OK,,OK,,OK,D:\Eagle3D_data\InspectResult\Image\GDW-LC\290-10567-07-B\20250625231903\1@79.jpg
1,80,Default,100-14100-00,R106,92.640,84.633,,92.6307,86.3383,270,,administrator,OK,,OK,,OK,D:\Eagle3D_data\InspectResult\Image\GDW-LC\290-10567-07-B\20250625231903\1@80.jpg
1,81,Default,100-14100-00,R107,90.345,87.540,,90.3434,89.2455,270,,administrator,OK,,OK,,OK,D:\Eagle3D_data\InspectResult\Image\GDW-LC\290-10567-07-B\20250625231903\1@81.jpg
1,82,Default,100-14100-00,R108,92.652,90.437,,92.6532,92.1348,270,,administrator,OK,,OK,,OK,D:\Eagle3D_data\InspectResult\Image\GDW-LC\290-10567-07-B\20250625231903\1@82.jpg
1,83,Default,100-14100-00,R109,90.356,93.344,,90.3659,95.0419,270,,administrator,OK,,OK,,OK,D:\Eagle3D_data\InspectResult\Image\GDW-LC\290-10567-07-B\20250625231903\1@83.jpg
1,114,Default,100-14100-00,R75,85.629,81.695,,85.6235,83.4173,270,,administrator,OK,,OK,,OK,D:\Eagle3D_data\InspectResult\Image\GDW-LC\290-10567-07-B\20250625231903\1@114.jpg
1,115,Default,100-14100-00,R76,83.334,84.652,,83.3363,86.3744,270,,administrator,OK,,OK,,OK,D:\Eagle3D_data\InspectResult\Image\GDW-LC\290-10567-07-B\20250625231903\1@115.jpg
1,116,Default,100-14100-00,R77,81.038,87.558,,81.049,89.2816,270,,administrator,OK,,OK,,OK,D:\Eagle3D_data\InspectResult\Image\GDW-LC\290-10567-07-B\20250625231903\1@116.jpg
1,117,Default,100-14100-00,R78,83.345,90.456,,83.3589,92.1709,270,,administrator,OK,,OK,,OK,D:\Eagle3D_data\InspectResult\Image\GDW-LC\290-10567-07-B\20250625231903\1@117.jpg
1,118,Default,100-14100-00,R79,87.054,93.351,,87.0679,95.0548,270,,administrator,OK,,OK,,OK,D:\Eagle3D_data\InspectResult\Image\GDW-LC\290-10567-07-B\20250625231903\1@118.jpg
1,255,Default,100-13270-00,R49,94.022,67.900,,93.9789,69.625,0,,administrator,OK,,OK,,OK,D:\Eagle3D_data\InspectResult\Image\GDW-LC\290-10567-07-B\20250625231903\1@255.jpg
1,256,Default,100-13270-00,R50,88.811,67.910,,88.7751,69.6452,0,,administrator,OK,,OK,,OK,D:\Eagle3D_data\InspectResult\Image\GDW-LC\290-10567-07-B\20250625231903\1@256.jpg
1,257,Default,100-13270-00,R51,83.621,67.921,,83.5922,69.6654,0,,administrator,OK,,OK,,OK,D:\Eagle3D_data\InspectResult\Image\GDW-LC\290-10567-07-B\20250625231903\1@257.jpg
1,283,Default,125-00019-00,C352,83.809,72.317,,83.7879,73.9801,180,,administrator,OK,,OK,,OK,D:\Eagle3D_data\InspectResult\Image\GDW-LC\290-10567-07-B\20250625231903\1@283.jpg
1,284,Default,125-00019-00,C355,112.017,65.680,,111.9456,67.3745,270,,administrator,OK,,OK,,OK,D:\Eagle3D_data\InspectResult\Image\GDW-LC\290-10567-07-B\20250625231903\1@284.jpg
1,285,Default,125-00019-00,C357,107.513,65.689,,107.4483,67.392,270,,administrator,OK,,OK,,OK,D:\Eagle3D_data\InspectResult\Image\GDW-LC\290-10567-07-B\20250625231903\1@285.jpg
1,286,Default,125-00019-00,C367,93.825,76.876,,93.7993,78.4385,0,,administrator,OK,,OK,,OK,D:\Eagle3D_data\InspectResult\Image\GDW-LC\290-10567-07-B\20250625231903\1@286.jpg
1,287,Default,125-00019-00,C369,93.816,72.373,,93.7818,73.9412,0,,administrator,OK,,OK,,OK,D:\Eagle3D_data\InspectResult\Image\GDW-LC\290-10567-07-B\20250625231903\1@287.jpg
1,289,Default,125-00019-00,C377,121.004,56.131,,120.9028,57.7454,0,,administrator,OK,,OK,,OK,D:\Eagle3D_data\InspectResult\Image\GDW-LC\290-10567-07-B\20250625231903\1@289.jpg
1,290,Default,125-00019-00,C226,83.818,76.896,,83.8054,78.4773,180,,administrator,OK,,OK,,OK,D:\Eagle3D_data\InspectResult\Image\GDW-LC\290-10567-07-B\20250625231903\1@290.jpg
1,40,Default,161-10004-00,D5,80.226,163.248,,80.3803,164.8713,90,,administrator,OK,,OK,,OK,D:\Eagle3D_data\InspectResult\Image\GDW-LC\290-10567-07-B\20250625231903\1@40.jpg
1,42,Default,161-10004-00,D7,62.306,163.162,,62.4837,164.8189,90,,administrator,OK,,OK,,OK,D:\Eagle3D_data\InspectResult\Image\GDW-LC\290-10567-07-B\20250625231903\1@42.jpg
1,64,Default,209-00034-00,P1,70.645,138.865,,70.7664,140.5392,180,,administrator,OK,,OK,,OK,D:\Eagle3D_data\InspectResult\Image\GDW-LC\290-10567-07-B\20250625231903\1@64.jpg
1,68,Default,171-00003-00,Q5,86.304,163.756,,86.4506,165.3674,90,,administrator,OK,,OK,,OK,D:\Eagle3D_data\InspectResult\Image\GDW-LC\290-10567-07-B\20250625231903\1@68.jpg
1,70,Default,171-00003-00,Q7,68.280,163.641,,68.4509,165.2864,90,,administrator,OK,,OK,,OK,D:\Eagle3D_data\InspectResult\Image\GDW-LC\290-10567-07-B\20250625231903\1@70.jpg
1,174,Default,100-52100-00,R47,87.401,159.675,,87.5391,161.2896,180,,administrator,OK,,OK,,OK,D:\Eagle3D_data\InspectResult\Image\GDW-LC\290-10567-07-B\20250625231903\1@174.jpg
1,179,Default,100-52100-00,R501,110.776,174.752,,110.9107,176.3028,180,,administrator,OK,,OK,,OK,D:\Eagle3D_data\InspectResult\Image\GDW-LC\290-10567-07-B\20250625231903\1@179.jpg
1,181,Default,100-52100-00,R60,69.416,159.711,,69.578,161.3594,180,,administrator,OK,,OK,,OK,D:\Eagle3D_data\InspectResult\Image\GDW-LC\290-10567-07-B\20250625231903\1@181.jpg
1,204,Default,100-51249-00,R45,87.395,158.022,,87.5297,159.6396,0,,administrator,OK,,OK,,OK,D:\Eagle3D_data\InspectResult\Image\GDW-LC\290-10567-07-B\20250625231903\1@204.jpg
1,206,Default,100-51249-00,R58,69.413,158.059,,69.5716,159.7094,0,,administrator,OK,,OK,,OK,D:\Eagle3D_data\InspectResult\Image\GDW-LC\290-10567-07-B\20250625231903\1@206.jpg
1,244,Default,125-00014-00,C32,83.677,158.000,,83.787,159.6541,90,,administrator,OK,,OK,,OK,D:\Eagle3D_data\InspectResult\Image\GDW-LC\290-10567-07-B\20250625231903\1@244.jpg
1,245,Default,125-00014-00,C34,83.651,159.682,,83.7934,161.3041,90,,administrator,OK,,OK,,OK,D:\Eagle3D_data\InspectResult\Image\GDW-LC\290-10567-07-B\20250625231903\1@245.jpg
1,246,Default,125-00014-00,C36,65.727,158.066,,65.8908,159.7237,90,,administrator,OK,,OK,,OK,D:\Eagle3D_data\InspectResult\Image\GDW-LC\290-10567-07-B\20250625231903\1@246.jpg
1,248,Default,125-00014-00,C38,65.730,159.718,,65.8972,161.3737,90,,administrator,OK,,OK,,OK,D:\Eagle3D_data\InspectResult\Image\GDW-LC\290-10567-07-B\20250625231903\1@248.jpg
1,265,Default,100-52499-00,R499,110.707,172.845,,110.8383,174.3992,0,,administrator,OK,,OK,,OK,D:\Eagle3D_data\InspectResult\Image\GDW-LC\290-10567-07-B\20250625231903\1@265.jpg
1,278,Default,100-13301-00,R533,97.407,165.583,,97.5421,167.1712,270,,administrator,OK,,OK,,OK,D:\Eagle3D_data\InspectResult\Image\GDW-LC\290-10567-07-B\20250625231903\1@278.jpg
1,279,Default,100-13301-00,R534,100.003,162.676,,100.1292,164.2629,270,,administrator,OK,,OK,,OK,D:\Eagle3D_data\InspectResult\Image\GDW-LC\290-10567-07-B\20250625231903\1@279.jpg
1,280,Default,100-13301-00,R535,97.395,159.779,,97.5196,161.3747,270,,administrator,OK,,OK,,OK,D:\Eagle3D_data\InspectResult\Image\GDW-LC\290-10567-07-B\20250625231903\1@280.jpg
1,282,Default,151-05002-00,U28,104.166,174.384,,104.3092,175.9476,270,,administrator,OK,,OK,,OK,D:\Eagle3D_data\InspectResult\Image\GDW-LC\290-10567-07-B\20250625231903\1@282.jpg
1,310,Default,161-10004-00,D6,83.257,195.833,,83.468,197.4079,90,,administrator,OK,,OK,,OK,D:\Eagle3D_data\InspectResult\Image\GDW-LC\290-10567-07-B\20250625231903\1@310.jpg
1,53,Default,161-20000-00,DZ10,84.147,190.692,,84.3475,192.2715,0,,administrator,OK,,OK,,OK,D:\Eagle3D_data\InspectResult\Image\GDW-LC\290-10567-07-B\20250625231903\1@53.jpg
1,58,Default,368-00008-00,MH2,76.425,221.866,,76.6941,223.4187,180,,administrator,OK,,OK,,OK,D:\Eagle3D_data\InspectResult\Image\GDW-LC\290-10567-07-B\20250625231903\1@58.jpg
1,69,Default,171-00003-00,Q6,88.022,196.518,,88.2278,198.083,90,,administrator,OK,,OK,,OK,D:\Eagle3D_data\InspectResult\Image\GDW-LC\290-10567-07-B\20250625231903\1@69.jpg
1,71,Default,171-00003-00,Q8,65.980,196.563,,66.2151,198.1685,90,,administrator,OK,,OK,,OK,D:\Eagle3D_data\InspectResult\Image\GDW-LC\290-10567-07-B\20250625231903\1@71.jpg
1,84,Default,100-14100-00,R110,100.355,209.944,,100.5695,211.468,0,,administrator,OK,,OK,,OK,D:\Eagle3D_data\InspectResult\Image\GDW-LC\290-10567-07-B\20250625231903\1@84.jpg
1,85,Default,100-14100-00,R111,103.273,207.524,,103.4794,209.0452,0,,administrator,OK,,OK,,OK,D:\Eagle3D_data\InspectResult\Image\GDW-LC\290-10567-07-B\20250625231903\1@85.jpg
1,86,Default,100-14100-00,R112,106.241,209.933,,106.448,211.4452,0,,administrator,OK,,OK,,OK,D:\Eagle3D_data\InspectResult\Image\GDW-LC\290-10567-07-B\20250625231903\1@86.jpg
1,87,Default,100-14100-00,R113,109.119,207.512,,109.3178,209.0225,0,,administrator,OK,,OK,,OK,D:\Eagle3D_data\InspectResult\Image\GDW-LC\290-10567-07-B\20250625231903\1@87.jpg
1,88,Default,100-14100-00,R114,112.047,209.921,,112.2464,211.4227,0,,administrator,OK,,OK,,OK,D:\Eagle3D_data\InspectResult\Image\GDW-LC\290-10567-07-B\20250625231903\1@88.jpg
1,119,Default,100-14100-00,R80,100.368,216.374,,100.5945,217.8891,0,,administrator,OK,,OK,,OK,D:\Eagle3D_data\InspectResult\Image\GDW-LC\290-10567-07-B\20250625231903\1@119.jpg
1,120,Default,100-14100-00,R81,103.296,218.783,,103.5231,220.2893,0,,administrator,OK,,OK,,OK,D:\Eagle3D_data\InspectResult\Image\GDW-LC\290-10567-07-B\20250625231903\1@120.jpg
1,121,Default,100-14100-00,R82,106.254,216.362,,106.4729,217.8663,0,,administrator,OK,,OK,,OK,D:\Eagle3D_data\InspectResult\Image\GDW-LC\290-10567-07-B\20250625231903\1@121.jpg
1,122,Default,100-14100-00,R83,109.142,218.771,,109.3615,220.2666,0,,administrator,OK,,OK,,OK,D:\Eagle3D_data\InspectResult\Image\GDW-LC\290-10567-07-B\20250625231903\1@122.jpg
1,123,Default,100-14100-00,R84,112.061,216.365,,112.2715,217.8577,0,,administrator,OK,,OK,,OK,D:\Eagle3D_data\InspectResult\Image\GDW-LC\290-10567-07-B\20250625231903\1@123.jpg
1,175,Default,100-52100-00,R48,89.054,192.588,,89.2509,194.1563,180,,administrator,OK,,OK,,OK,D:\Eagle3D_data\InspectResult\Image\GDW-LC\290-10567-07-B\20250625231903\1@175.jpg
1,182,Default,100-52100-00,R61,66.989,192.633,,67.2152,194.242,180,,administrator,OK,,OK,,OK,D:\Eagle3D_data\InspectResult\Image\GDW-LC\290-10567-07-B\20250625231903\1@182.jpg
1,205,Default,100-51249-00,R46,89.050,190.809,,89.244,192.3794,0,,administrator,OK,,OK,,OK,D:\Eagle3D_data\InspectResult\Image\GDW-LC\290-10567-07-B\20250625231903\1@205.jpg
1,207,Default,100-51249-00,R59,66.985,190.853,,67.2083,192.465,0,,administrator,OK,,OK,,OK,D:\Eagle3D_data\InspectResult\Image\GDW-LC\290-10567-07-B\20250625231903\1@207.jpg
1,216,Default,100-18220-00,R439,103.567,192.178,,103.7436,193.7193,180,,administrator,OK,,OK,,OK,D:\Eagle3D_data\InspectResult\Image\GDW-LC\290-10567-07-B\20250625231903\1@216.jpg
1,217,Default,100-18220-00,R494,103.562,189.890,,103.7348,191.4347,180,,administrator,OK,,OK,,OK,D:\Eagle3D_data\InspectResult\Image\GDW-LC\290-10567-07-B\20250625231903\1@217.jpg
1,22,Default,125-00013-00,C165,144.636,217.090,,144.8048,218.5208,90,,administrator,OK,,OK,,OK,D:\Eagle3D_data\InspectResult\Image\GDW-LC\290-10567-07-B\20250625231903\1@22.jpg
1,23,Default,125-00013-00,C37,98.851,185.451,,99.0213,187.0106,270,,administrator,OK,,OK,,OK,D:\Eagle3D_data\InspectResult\Image\GDW-LC\290-10567-07-B\20250625231903\1@23.jpg
1,24,Default,125-00013-00,C39,103.777,178.483,,103.9284,180.0427,180,,administrator,OK,,OK,,OK,D:\Eagle3D_data\InspectResult\Image\GDW-LC\290-10567-07-B\20250625231903\1@24.jpg
1,35,Default,161-10004-00,D84,108.124,183.145,,108.2779,184.69,90,,administrator,OK,,OK,,OK,D:\Eagle3D_data\InspectResult\Image\GDW-LC\290-10567-07-B\20250625231903\1@35.jpg
1,78,Default,171-00002-00,Q76,102.907,186.206,,103.0739,187.7564,90,,administrator,OK,,OK,,OK,D:\Eagle3D_data\InspectResult\Image\GDW-LC\290-10567-07-B\20250625231903\1@78.jpg
1,176,Default,100-52100-00,R495,98.819,181.893,,98.9836,183.4569,180,,administrator,OK,,OK,,OK,D:\Eagle3D_data\InspectResult\Image\GDW-LC\290-10567-07-B\20250625231903\1@176.jpg
1,177,Default,100-52100-00,R498,98.832,176.174,,98.9853,177.7453,180,,administrator,OK,,OK,,OK,D:\Eagle3D_data\InspectResult\Image\GDW-LC\290-10567-07-B\20250625231903\1@177.jpg
1,178,Default,100-52100-00,R500,110.767,178.342,,110.9086,179.8886,180,,administrator,OK,,OK,,OK,D:\Eagle3D_data\InspectResult\Image\GDW-LC\290-10567-07-B\20250625231903\1@178.jpg
1,180,Default,100-52100-00,R502,110.780,176.563,,110.9177,178.1117,0,,administrator,OK,,OK,,OK,D:\Eagle3D_data\InspectResult\Image\GDW-LC\290-10567-07-B\20250625231903\1@180.jpg
1,197,Default,100-00071-00,R441,103.547,182.519,,103.7062,184.0732,180,,administrator,OK,,OK,,OK,D:\Eagle3D_data\InspectResult\Image\GDW-LC\290-10567-07-B\20250625231903\1@197.jpg
1,199,Default,100-11200-00,R497,103.468,180.231,,103.6233,181.7888,180,,administrator,OK,,OK,,OK,D:\Eagle3D_data\InspectResult\Image\GDW-LC\290-10567-07-B\20250625231903\1@199.jpg
1,264,Default,100-52499-00,R492,98.816,180.114,,98.9766,181.68,0,,administrator,OK,,OK,,OK,D:\Eagle3D_data\InspectResult\Image\GDW-LC\290-10567-07-B\20250625231903\1@264.jpg
1,277,Default,125-00012-00,C35,98.881,177.858,,99.0378,179.4271,180,,administrator,OK,,OK,,OK,D:\Eagle3D_data\InspectResult\Image\GDW-LC\290-10567-07-B\20250625231903\1@277.jpg
1,13,Default,125-00013-00,C129,209.967,215.792,,210.0467,217.103,90,,administrator,OK,,OK,,OK,D:\Eagle3D_data\InspectResult\Image\GDW-LC\290-10567-07-B\20250625231903\1@13.jpg
1,17,Default,125-00013-00,C164,178.069,216.730,,178.1924,218.0993,90,,administrator,OK,,OK,,OK,D:\Eagle3D_data\InspectResult\Image\GDW-LC\290-10567-07-B\20250625231903\1@17.jpg
1,57,Default,368-00008-00,MH1,157.957,201.187,,158.0781,202.6147,180,,administrator,OK,,OK,,OK,D:\Eagle3D_data\InspectResult\Image\GDW-LC\290-10567-07-B\20250625231903\1@57.jpg
1,4,Default,125-00013-00,C274,126.891,269.531,,127.182,270.9251,0,,administrator,OK,,OK,,OK,D:\Eagle3D_data\InspectResult\Image\GDW-LC\290-10567-07-B\20250625231903\1@4.jpg
1,7,Default,125-00013-00,C279,126.871,259.363,,127.1425,260.7713,0,,administrator,OK,,OK,,OK,D:\Eagle3D_data\InspectResult\Image\GDW-LC\290-10567-07-B\20250625231903\1@7.jpg
1,9,Default,125-00013-00,C283,126.805,257.584,,127.0736,258.9947,180,,administrator,OK,,OK,,OK,D:\Eagle3D_data\InspectResult\Image\GDW-LC\290-10567-07-B\20250625231903\1@9.jpg
1,10,Default,125-00013-00,C289,126.768,239.156,,127.0021,240.5909,0,,administrator,OK,,OK,,OK,D:\Eagle3D_data\InspectResult\Image\GDW-LC\290-10567-07-B\20250625231903\1@10.jpg
1,11,Default,125-00013-00,C290,126.784,246.908,,127.0322,248.3332,0,,administrator,OK,,OK,,OK,D:\Eagle3D_data\InspectResult\Image\GDW-LC\290-10567-07-B\20250625231903\1@11.jpg
1,14,Default,125-00013-00,C298,126.764,237.249,,126.9947,238.6871,180,,administrator,OK,,OK,,OK,D:\Eagle3D_data\InspectResult\Image\GDW-LC\290-10567-07-B\20250625231903\1@14.jpg
1,15,Default,125-00013-00,C299,126.780,245.129,,127.0253,246.5563,180,,administrator,OK,,OK,,OK,D:\Eagle3D_data\InspectResult\Image\GDW-LC\290-10567-07-B\20250625231903\1@15.jpg
1,29,Default,125-00013-00,C270,126.895,271.310,,127.1889,272.7021,180,,administrator,OK,,OK,,OK,D:\Eagle3D_data\InspectResult\Image\GDW-LC\290-10567-07-B\20250625231903\1@29.jpg
1,47,Default,161-20006-00,DZ1,122.771,274.114,,123.0762,275.5104,180,,administrator,OK,,OK,,OK,D:\Eagle3D_data\InspectResult\Image\GDW-LC\290-10567-07-B\20250625231903\1@47.jpg
1,50,Default,161-20006-00,DZ4,122.747,262.676,,123.0308,264.0874,180,,administrator,OK,,OK,,OK,D:\Eagle3D_data\InspectResult\Image\GDW-LC\290-10567-07-B\20250625231903\1@50.jpg
1,51,Default,161-20006-00,DZ5,122.706,242.341,,122.9519,243.7798,180,,administrator,OK,,OK,,OK,D:\Eagle3D_data\InspectResult\Image\GDW-LC\290-10567-07-B\20250625231903\1@51.jpg
1,52,Default,161-20006-00,DZ6,122.722,250.221,,122.9825,251.649,180,,administrator,OK,,OK,,OK,D:\Eagle3D_data\InspectResult\Image\GDW-LC\290-10567-07-B\20250625231903\1@52.jpg
1,312,Default,161-10021-00,D53,77.287,244.640,,,,,,administrator,OK,,OK,,OK,D:\Eagle3D_data\InspectResult\Image\GDW-LC\290-10567-07-B\20250625231903\1@312.jpg
1,187,Default,100-51200-00,R334,118.196,274.251,,118.5075,275.6551,180,,administrator,OK,,OK,,OK,D:\Eagle3D_data\InspectResult\Image\GDW-LC\290-10567-07-B\20250625231903\1@187.jpg
1,190,Default,100-51200-00,R341,118.361,262.304,,118.65,263.7236,180,,administrator,OK,,OK,,OK,D:\Eagle3D_data\InspectResult\Image\GDW-LC\290-10567-07-B\20250625231903\1@190.jpg
1,191,Default,100-51200-00,R349,118.070,242.478,,118.3222,243.9247,180,,administrator,OK,,OK,,OK,D:\Eagle3D_data\InspectResult\Image\GDW-LC\290-10567-07-B\20250625231903\1@191.jpg
1,192,Default,100-51200-00,R350,118.179,250.103,,118.4448,251.5397,180,,administrator,OK,,OK,,OK,D:\Eagle3D_data\InspectResult\Image\GDW-LC\290-10567-07-B\20250625231903\1@192.jpg
1,299,Default,161-10021-00,D32,120.336,259.122,,120.6155,260.5428,180,,administrator,OK,,OK,,OK,D:\Eagle3D_data\InspectResult\Image\GDW-LC\290-10567-07-B\20250625231903\1@299.jpg
1,300,Default,161-10021-00,D33,120.332,246.921,,120.5891,248.3583,180,,administrator,OK,,OK,,OK,D:\Eagle3D_data\InspectResult\Image\GDW-LC\290-10567-07-B\20250625231903\1@300.jpg
1,301,Default,161-10021-00,D34,120.358,270.434,,120.6594,271.839,180,,administrator,OK,,OK,,OK,D:\Eagle3D_data\InspectResult\Image\GDW-LC\290-10567-07-B\20250625231903\1@301.jpg
1,302,Default,161-10021-00,D35,120.412,238.914,,120.654,240.3617,180,,administrator,OK,,OK,,OK,D:\Eagle3D_data\InspectResult\Image\GDW-LC\290-10567-07-B\20250625231903\1@302.jpg
1,5,Default,125-00013-00,C275,126.857,283.130,,127.1728,284.5061,0,,administrator,OK,,OK,,OK,D:\Eagle3D_data\InspectResult\Image\GDW-LC\290-10567-07-B\20250625231903\1@5.jpg
1,30,Default,125-00013-00,C271,126.852,281.096,,127.1649,282.4753,180,,administrator,OK,,OK,,OK,D:\Eagle3D_data\InspectResult\Image\GDW-LC\290-10567-07-B\20250625231903\1@30.jpg
1,48,Default,161-20006-00,DZ2,123.306,286.725,,123.6337,288.3276,180,,administrator,OK,,OK,,OK,D:\Eagle3D_data\InspectResult\Image\GDW-LC\290-10567-07-B\20250625231903\1@48.jpg
1,188,Default,100-51200-00,R335,118.985,287.045,,119.3187,288.4313,180,,administrator,OK,,OK,,OK,D:\Eagle3D_data\InspectResult\Image\GDW-LC\290-10567-07-B\20250625231903\1@188.jpg
1,304,Default,161-10021-00,D37,120.375,283.524,,120.7002,284.912,180,,administrator,OK,,OK,,OK,D:\Eagle3D_data\InspectResult\Image\GDW-LC\290-10567-07-B\20250625231903\1@304.jpg
1,6,Default,125-00013-00,C278,126.878,294.044,,127.2151,295.4054,0,,administrator,OK,,OK,,OK,D:\Eagle3D_data\InspectResult\Image\GDW-LC\290-10567-07-B\20250625231903\1@6.jpg
1,8,Default,125-00013-00,C282,126.882,295.950,,127.2225,297.3093,180,,administrator,OK,,OK,,OK,D:\Eagle3D_data\InspectResult\Image\GDW-LC\290-10567-07-B\20250625231903\1@8.jpg
1,49,Default,161-20006-00,DZ3,123.329,298.626,,123.679,299.9884,180,,administrator,OK,,OK,,OK,D:\Eagle3D_data\InspectResult\Image\GDW-LC\290-10567-07-B\20250625231903\1@49.jpg
1,137,Default,100-13120-00,R336,93.032,329.211,,93.4798,330.5896,0,,administrator,OK,,OK,,OK,D:\Eagle3D_data\InspectResult\Image\GDW-LC\290-10567-07-B\20250625231903\1@137.jpg
1,138,Default,100-13120-00,R337,116.634,315.067,,,,,,administrator,OK,,OK,,OK,D:\Eagle3D_data\InspectResult\Image\GDW-LC\290-10567-07-B\20250625231903\1@138.jpg
1,139,Default,100-13120-00,R338,114.092,315.072,,114.4854,316.4294,90,,administrator,OK,,OK,,OK,D:\Eagle3D_data\InspectResult\Image\GDW-LC\290-10567-07-B\20250625231903\1@139.jpg
1,141,Default,100-13120-00,R342,116.624,309.790,,117.0034,311.1497,90,,administrator,OK,,OK,,OK,D:\Eagle3D_data\InspectResult\Image\GDW-LC\290-10567-07-B\20250625231903\1@141.jpg
1,142,Default,100-13120-00,R343,114.082,309.795,,114.4649,311.1596,90,,administrator,OK,,OK,,OK,D:\Eagle3D_data\InspectResult\Image\GDW-LC\290-10567-07-B\20250625231903\1@142.jpg
1,157,Default,125-00018-00,C284,111.296,315.077,,111.6931,316.4402,90,,administrator,OK,,OK,,OK,D:\Eagle3D_data\InspectResult\Image\GDW-LC\290-10567-07-B\20250625231903\1@157.jpg
1,189,Default,100-51200-00,R340,119.070,298.778,,119.4262,300.1479,180,,administrator,OK,,OK,,OK,D:\Eagle3D_data\InspectResult\Image\GDW-LC\290-10567-07-B\20250625231903\1@189.jpg
1,303,Default,161-10021-00,D36,120.398,295.201,,120.7455,296.5729,180,,administrator,OK,,OK,,OK,D:\Eagle3D_data\InspectResult\Image\GDW-LC\290-10567-07-B\20250625231903\1@303.jpg
1,307,Default,160-10028-00,D38,110.377,308.343,,110.7625,309.7169,270,,administrator,OK,,OK,,OK,D:\Eagle3D_data\InspectResult\Image\GDW-LC\290-10567-07-B\20250625231903\1@307.jpg
1,308,Default,160-10028-00,D39,110.370,300.702,,110.7408,302.0855,270,,administrator,OK,,OK,,OK,D:\Eagle3D_data\InspectResult\Image\GDW-LC\290-10567-07-B\20250625231903\1@308.jpg
1,31,Default,161-40000-00,D79,33.913,291.703,,34.3696,293.2417,180,,administrator,OK,,OK,,OK,D:\Eagle3D_data\InspectResult\Image\GDW-LC\290-10567-07-B\20250625231903\1@31.jpg
1,75,Default,171-00004-00,Q64,67.037,291.236,,67.448,292.7134,180,,administrator,OK,,OK,,OK,D:\Eagle3D_data\InspectResult\Image\GDW-LC\290-10567-07-B\20250625231903\1@75.jpg
1,77,Default,171-00001-00,Q77,61.941,295.049,,62.3659,296.5309,270,,administrator,OK,,OK,,OK,D:\Eagle3D_data\InspectResult\Image\GDW-LC\290-10567-07-B\20250625231903\1@77.jpg
1,140,Default,100-13120-00,R339,87.928,329.222,,88.3829,330.6094,0,,administrator,OK,,OK,,OK,D:\Eagle3D_data\InspectResult\Image\GDW-LC\290-10567-07-B\20250625231903\1@140.jpg
1,143,Default,100-13120-00,R344,84.059,327.190,,84.5144,328.5877,270,,administrator,OK,,OK,,OK,D:\Eagle3D_data\InspectResult\Image\GDW-LC\290-10567-07-B\20250625231903\1@143.jpg
1,144,Default,100-13120-00,R347,81.670,324.272,,82.1235,325.6777,270,,administrator,OK,,OK,,OK,D:\Eagle3D_data\InspectResult\Image\GDW-LC\290-10567-07-B\20250625231903\1@144.jpg
1,145,Default,100-13120-00,R348,84.047,321.418,,84.492,322.8232,270,,administrator,OK,,OK,,OK,D:\Eagle3D_data\InspectResult\Image\GDW-LC\290-10567-07-B\20250625231903\1@145.jpg
1,146,Default,100-13120-00,R355,81.658,318.552,,82.1013,319.9662,270,,administrator,OK,,OK,,OK,D:\Eagle3D_data\InspectResult\Image\GDW-LC\290-10567-07-B\20250625231903\1@146.jpg
1,147,Default,100-13120-00,R489,84.035,315.625,,84.4695,317.0378,90,,administrator,OK,,OK,,OK,D:\Eagle3D_data\InspectResult\Image\GDW-LC\290-10567-07-B\20250625231903\1@147.jpg
1,148,Default,100-13120-00,R490,81.647,312.706,,82.0786,314.1278,90,,administrator,OK,,OK,,OK,D:\Eagle3D_data\InspectResult\Image\GDW-LC\290-10567-07-B\20250625231903\1@148.jpg
1,169,Default,100-51100-00,R386,71.336,289.326,,71.738,290.7979,90,,administrator,OK,,OK,,OK,D:\Eagle3D_data\InspectResult\Image\GDW-LC\290-10567-07-B\20250625231903\1@169.jpg
1,202,Default,100-58220-00,R366,71.968,291.752,,72.4473,293.2936,180,,administrator,OK,,OK,,OK,D:\Eagle3D_data\InspectResult\Image\GDW-LC\290-10567-07-B\20250625231903\1@202.jpg
1,203,Default,100-51249-00,R367,73.037,289.322,,73.437,290.7913,90,,administrator,OK,,OK,,OK,D:\Eagle3D_data\InspectResult\Image\GDW-LC\290-10567-07-B\20250625231903\1@203.jpg
1,237,Default,100-51499-00,R524,62.228,288.644,,62.6408,290.1336,0,,administrator,OK,,OK,,OK,D:\Eagle3D_data\InspectResult\Image\GDW-LC\290-10567-07-B\20250625231903\1@237.jpg
1,238,Default,100-51499-00,R525,62.231,290.345,,62.6474,291.8326,0,,administrator,OK,,OK,,OK,D:\Eagle3D_data\InspectResult\Image\GDW-LC\290-10567-07-B\20250625231903\1@238.jpg
1,268,Default,125-00008-00,C71,62.235,292.046,,62.654,293.5316,0,,administrator,OK,,OK,,OK,D:\Eagle3D_data\InspectResult\Image\GDW-LC\290-10567-07-B\20250625231903\1@268.jpg
1,271,Default,100-17499-00,R527,56.142,297.963,,56.5806,299.4517,180,,administrator,OK,,OK,,OK,D:\Eagle3D_data\InspectResult\Image\GDW-LC\290-10567-07-B\20250625231903\1@271.jpg
1,272,Default,100-17499-00,R528,56.147,300.364,,56.59,301.8502,180,,administrator,OK,,OK,,OK,D:\Eagle3D_data\InspectResult\Image\GDW-LC\290-10567-07-B\20250625231903\1@272.jpg
1,273,Default,100-17499-00,R529,56.138,295.661,,56.5717,297.153,180,,administrator,OK,,OK,,OK,D:\Eagle3D_data\InspectResult\Image\GDW-LC\290-10567-07-B\20250625231903\1@273.jpg
1,274,Default,100-17499-00,R530,56.133,293.359,,56.5628,294.8545,180,,administrator,OK,,OK,,OK,D:\Eagle3D_data\InspectResult\Image\GDW-LC\290-10567-07-B\20250625231903\1@274.jpg
1,12,Default,125-00013-00,C297,43.425,254.193,,43.7983,255.7645,90,,administrator,OK,,OK,,OK,D:\Eagle3D_data\InspectResult\Image\GDW-LC\290-10567-07-B\20250625231903\1@12.jpg
1,16,Default,125-00013-00,C300,71.952,283.175,,72.3417,284.6542,270,,administrator,OK,,OK,,OK,D:\Eagle3D_data\InspectResult\Image\GDW-LC\290-10567-07-B\20250625231903\1@16.jpg
1,18,Default,125-00013-00,C341,34.002,280.652,,34.4377,282.206,180,,administrator,OK,,OK,,OK,D:\Eagle3D_data\InspectResult\Image\GDW-LC\290-10567-07-B\20250625231903\1@18.jpg
1,19,Default,125-00013-00,C342,34.006,282.521,,34.4449,284.0719,180,,administrator,OK,,OK,,OK,D:\Eagle3D_data\InspectResult\Image\GDW-LC\290-10567-07-B\20250625231903\1@19.jpg
1,76,Default,171-00001-00,Q65,49.618,288.119,,50.0463,289.6329,180,,administrator,OK,,OK,,OK,D:\Eagle3D_data\InspectResult\Image\GDW-LC\290-10567-07-B\20250625231903\1@76.jpg
1,170,Default,100-51100-00,R390,43.314,288.282,,43.7507,289.8073,90,,administrator,OK,,OK,,OK,D:\Eagle3D_data\InspectResult\Image\GDW-LC\290-10567-07-B\20250625231903\1@170.jpg
1,193,Default,100-51200-00,R391,46.716,288.275,,47.1487,289.7941,270,,administrator,OK,,OK,,OK,D:\Eagle3D_data\InspectResult\Image\GDW-LC\290-10567-07-B\20250625231903\1@193.jpg
1,194,Default,100-00071-00,R351,69.604,253.124,,69.9405,254.6475,270,,administrator,OK,,OK,,OK,D:\Eagle3D_data\InspectResult\Image\GDW-LC\290-10567-07-B\20250625231903\1@194.jpg
1,195,Default,100-00071-00,R352,69.662,282.175,,70.0532,283.6597,270,,administrator,OK,,OK,,OK,D:\Eagle3D_data\InspectResult\Image\GDW-LC\290-10567-07-B\20250625231903\1@195.jpg
1,196,Default,100-00071-00,R353,71.892,253.119,,72.2251,254.6386,270,,administrator,OK,,OK,,OK,D:\Eagle3D_data\InspectResult\Image\GDW-LC\290-10567-07-B\20250625231903\1@196.jpg
1,198,Default,100-11200-00,R356,74.501,260.358,,74.8447,261.863,0,,administrator,OK,,OK,,OK,D:\Eagle3D_data\InspectResult\Image\GDW-LC\290-10567-07-B\20250625231903\1@198.jpg
1,200,Default,100-12100-00,R358,66.560,256.233,,66.9064,257.7583,270,,administrator,OK,,OK,,OK,D:\Eagle3D_data\InspectResult\Image\GDW-LC\290-10567-07-B\20250625231903\1@200.jpg
1,201,Default,100-12100-00,R359,64.272,256.238,,64.6218,257.7672,270,,administrator,OK,,OK,,OK,D:\Eagle3D_data\InspectResult\Image\GDW-LC\290-10567-07-B\20250625231903\1@201.jpg
1,212,Default,100-52300-00,R387,51.593,274.955,,51.994,276.4832,0,,administrator,OK,,OK,,OK,D:\Eagle3D_data\InspectResult\Image\GDW-LC\290-10567-07-B\20250625231903\1@212.jpg
1,213,Default,100-51560-00,R388,51.590,273.155,,51.9871,274.6843,0,,administrator,OK,,OK,,OK,D:\Eagle3D_data\InspectResult\Image\GDW-LC\290-10567-07-B\20250625231903\1@213.jpg
1,218,Default,125-00016-00,C301,70.760,259.095,,71.106,260.6083,270,,administrator,OK,,OK,,OK,D:\Eagle3D_data\InspectResult\Image\GDW-LC\290-10567-07-B\20250625231903\1@218.jpg
1,314,Default,100-50510-00,R473,54.907,280.853,,55.315,282.3668,90,,administrator,OK,,OK,,OK,D:\Eagle3D_data\InspectResult\Image\GDW-LC\290-10567-07-B\20250625231903\1@314.jpg
1,266,Default,125-00008-00,C322,51.596,276.756,,52.001,278.2821,0,,administrator,OK,,OK,,OK,D:\Eagle3D_data\InspectResult\Image\GDW-LC\290-10567-07-B\20250625231903\1@266.jpg
1,267,Default,125-00008-00,C324,45.015,288.278,,45.4497,289.8007,90,,administrator,OK,,OK,,OK,D:\Eagle3D_data\InspectResult\Image\GDW-LC\290-10567-07-B\20250625231903\1@267.jpg
1,275,Default,125-00012-00,C325,36.963,264.247,,37.3642,265.8164,90,,administrator,OK,,OK,,OK,D:\Eagle3D_data\InspectResult\Image\GDW-LC\290-10567-07-B\20250625231903\1@275.jpg
1,281,Default,151-00026-00,U21,51.702,279.758,,52.1126,281.2798,270,,administrator,OK,,OK,,OK,D:\Eagle3D_data\InspectResult\Image\GDW-LC\290-10567-07-B\20250625231903\1@281.jpg
1,305,Default,161-10021-00,D45,77.100,252.473,,77.4255,253.9838,180,,administrator,OK,,OK,,OK,D:\Eagle3D_data\InspectResult\Image\GDW-LC\290-10567-07-B\20250625231903\1@305.jpg
1,306,Default,161-10021-00,D47,77.365,257.048,,77.6981,258.5519,0,,administrator,OK,,OK,,OK,D:\Eagle3D_data\InspectResult\Image\GDW-LC\290-10567-07-B\20250625231903\1@306.jpg
1,20,Default,125-00013-00,C345,19.072,257.423,,,,,,administrator,OK,,OK,,OK,D:\Eagle3D_data\InspectResult\Image\GDW-LC\290-10567-07-B\20250625231903\1@20.jpg
1,21,Default,125-00013-00,C346,18.993,259.060,,,,,,administrator,OK,,OK,,OK,D:\Eagle3D_data\InspectResult\Image\GDW-LC\290-10567-07-B\20250625231903\1@21.jpg
1,276,Default,125-00012-00,C326,10.348,267.833,,10.791,269.4475,90,,administrator,OK,,OK,,OK,D:\Eagle3D_data\InspectResult\Image\GDW-LC\290-10567-07-B\20250625231903\1@276.jpg
1,34,Default,161-10004-00,D8,61.403,195.943,,61.6435,197.5587,90,,administrator,OK,,OK,,OK,D:\Eagle3D_data\InspectResult\Image\GDW-LC\290-10567-07-B\20250625231903\1@34.jpg
1,37,Default,161-10004-00,D10,43.689,195.979,,43.9532,197.6274,90,,administrator,OK,,OK,,OK,D:\Eagle3D_data\InspectResult\Image\GDW-LC\290-10567-07-B\20250625231903\1@37.jpg
1,39,Default,161-10004-00,D12,21.213,196.859,,21.509,198.5481,90,,administrator,OK,,OK,,OK,D:\Eagle3D_data\InspectResult\Image\GDW-LC\290-10567-07-B\20250625231903\1@39.jpg
1,54,Default,161-20000-00,DZ11,58.432,192.431,,58.6696,194.0563,270,,administrator,OK,,OK,,OK,D:\Eagle3D_data\InspectResult\Image\GDW-LC\290-10567-07-B\20250625231903\1@54.jpg
1,55,Default,161-20000-00,DZ12,40.505,192.432,,40.7663,194.0909,270,,administrator,OK,,OK,,OK,D:\Eagle3D_data\InspectResult\Image\GDW-LC\290-10567-07-B\20250625231903\1@55.jpg
1,59,Default,368-00008-00,MH3,54.798,221.910,,55.0962,223.5027,180,,administrator,OK,,OK,,OK,D:\Eagle3D_data\InspectResult\Image\GDW-LC\290-10567-07-B\20250625231903\1@59.jpg
1,60,Default,368-00008-00,MH4,34.797,221.950,,35.1213,223.5803,180,,administrator,OK,,OK,,OK,D:\Eagle3D_data\InspectResult\Image\GDW-LC\290-10567-07-B\20250625231903\1@60.jpg
1,61,Default,368-00008-00,MH5,16.225,221.987,,16.5745,223.6523,180,,administrator,OK,,OK,,OK,D:\Eagle3D_data\InspectResult\Image\GDW-LC\290-10567-07-B\20250625231903\1@61.jpg
1,65,Default,171-00003-00,Q10,48.266,196.598,,48.5249,198.2373,90,,administrator,OK,,OK,,OK,D:\Eagle3D_data\InspectResult\Image\GDW-LC\290-10567-07-B\20250625231903\1@65.jpg
1,67,Default,171-00003-00,Q12,25.881,196.643,,26.1704,198.3241,90,,administrator,OK,,OK,,OK,D:\Eagle3D_data\InspectResult\Image\GDW-LC\290-10567-07-B\20250625231903\1@67.jpg
1,184,Default,100-52100-00,R65,49.402,192.668,,49.6519,194.3102,180,,administrator,OK,,OK,,OK,D:\Eagle3D_data\InspectResult\Image\GDW-LC\290-10567-07-B\20250625231903\1@184.jpg
1,186,Default,100-52100-00,R69,28.491,192.710,,28.7696,194.3913,180,,administrator,OK,,OK,,OK,D:\Eagle3D_data\InspectResult\Image\GDW-LC\290-10567-07-B\20250625231903\1@186.jpg
1,209,Default,100-51249-00,R63,49.398,190.889,,49.645,192.5333,0,,administrator,OK,,OK,,OK,D:\Eagle3D_data\InspectResult\Image\GDW-LC\290-10567-07-B\20250625231903\1@209.jpg
1,211,Default,100-51249-00,R67,28.488,190.931,,28.7627,192.6144,0,,administrator,OK,,OK,,OK,D:\Eagle3D_data\InspectResult\Image\GDW-LC\290-10567-07-B\20250625231903\1@211.jpg
1,247,Default,125-00014-00,C206,24.507,192.649,,24.7907,194.3378,90,,administrator,OK,,OK,,OK,D:\Eagle3D_data\InspectResult\Image\GDW-LC\290-10567-07-B\20250625231903\1@247.jpg
1,249,Default,125-00014-00,C208,24.504,190.948,,24.7841,192.6389,90,,administrator,OK,,OK,,OK,D:\Eagle3D_data\InspectResult\Image\GDW-LC\290-10567-07-B\20250625231903\1@249.jpg
1,36,Default,161-10004-00,D9,40.700,163.200,,40.9068,164.8977,90,,administrator,OK,,OK,,OK,D:\Eagle3D_data\InspectResult\Image\GDW-LC\290-10567-07-B\20250625231903\1@36.jpg
1,38,Default,161-10004-00,D11,18.077,163.118,,18.3139,164.8586,90,,administrator,OK,,OK,,OK,D:\Eagle3D_data\InspectResult\Image\GDW-LC\290-10567-07-B\20250625231903\1@38.jpg
1,66,Default,171-00003-00,Q11,23.798,163.730,,24.0279,165.459,90,,administrator,OK,,OK,,OK,D:\Eagle3D_data\InspectResult\Image\GDW-LC\290-10567-07-B\20250625231903\1@66.jpg
1,72,Default,171-00003-00,Q9,46.674,163.684,,46.8741,165.3702,90,,administrator,OK,,OK,,OK,D:\Eagle3D_data\InspectResult\Image\GDW-LC\290-10567-07-B\20250625231903\1@72.jpg
1,183,Default,100-52100-00,R64,47.683,159.754,,47.8742,161.4437,180,,administrator,OK,,OK,,OK,D:\Eagle3D_data\InspectResult\Image\GDW-LC\290-10567-07-B\20250625231903\1@183.jpg
1,185,Default,100-52100-00,R68,24.806,159.801,,25.028,161.5325,180,,administrator,OK,,OK,,OK,D:\Eagle3D_data\InspectResult\Image\GDW-LC\290-10567-07-B\20250625231903\1@185.jpg
1,208,Default,100-51249-00,R62,47.680,157.975,,47.8673,159.6668,0,,administrator,OK,,OK,,OK,D:\Eagle3D_data\InspectResult\Image\GDW-LC\290-10567-07-B\20250625231903\1@208.jpg
1,210,Default,100-51249-00,R66,24.803,158.021,,25.0211,159.7556,0,,administrator,OK,,OK,,OK,D:\Eagle3D_data\InspectResult\Image\GDW-LC\290-10567-07-B\20250625231903\1@210.jpg
1,250,Default,125-00014-00,C40,43.994,157.983,,44.1865,159.6811,90,,administrator,OK,,OK,,OK,D:\Eagle3D_data\InspectResult\Image\GDW-LC\290-10567-07-B\20250625231903\1@250.jpg
1,251,Default,125-00014-00,C42,43.998,159.762,,44.1934,161.458,90,,administrator,OK,,OK,,OK,D:\Eagle3D_data\InspectResult\Image\GDW-LC\290-10567-07-B\20250625231903\1@251.jpg
1,252,Default,125-00014-00,C66,21.375,159.807,,21.6011,161.5458,90,,administrator,OK,,OK,,OK,D:\Eagle3D_data\InspectResult\Image\GDW-LC\290-10567-07-B\20250625231903\1@252.jpg
1,253,Default,125-00014-00,C68,21.437,158.028,,21.6592,159.7686,90,,administrator,OK,,OK,,OK,D:\Eagle3D_data\InspectResult\Image\GDW-LC\290-10567-07-B\20250625231903\1@253.jpg
1,258,Default,100-13270-00,R52,40.791,81.987,,40.8455,83.7932,180,,administrator,OK,,OK,,OK,D:\Eagle3D_data\InspectResult\Image\GDW-LC\290-10567-07-B\20250625231903\1@258.jpg
1,259,Default,100-13270-00,R53,43.719,84.396,,43.7741,86.1934,180,,administrator,OK,,OK,,OK,D:\Eagle3D_data\InspectResult\Image\GDW-LC\290-10567-07-B\20250625231903\1@259.jpg
1,260,Default,100-13270-00,R54,46.584,81.976,,46.631,83.7707,180,,administrator,OK,,OK,,OK,D:\Eagle3D_data\InspectResult\Image\GDW-LC\290-10567-07-B\20250625231903\1@260.jpg
1,261,Default,100-13270-00,R55,10.811,89.198,,10.9193,91.0502,180,,administrator,OK,,OK,,OK,D:\Eagle3D_data\InspectResult\Image\GDW-LC\290-10567-07-B\20250625231903\1@261.jpg
1,262,Default,100-13270-00,R56,13.739,91.480,,13.8474,93.3235,180,,administrator,OK,,OK,,OK,D:\Eagle3D_data\InspectResult\Image\GDW-LC\290-10567-07-B\20250625231903\1@262.jpg
1,263,Default,100-13270-00,R57,16.531,89.186,,16.6309,91.028,180,,administrator,OK,,OK,,OK,D:\Eagle3D_data\InspectResult\Image\GDW-LC\290-10567-07-B\20250625231903\1@263.jpg
[Window_INFO]
